# Position (bp)	A	C	G	T	N
0.0	36.4408779221325	18.98771546578969	25.039881313071007	19.51174974505226	0.01977555395454251
1.0	30.81969899018459	18.63794865874985	21.718225905126317	28.82275563402387	0.001370811915369616
2.0	30.626615379519766	19.368572228437657	20.007573403838737	29.996583626223767	6.553619800696524E-4
3.0	27.181907793358345	21.956878334300455	22.119225638096175	28.741150073224226	8.38161020794749E-4
4.0	29.352603415715446	21.22446369029121	21.23885946874251	28.178988111990073	0.00508531326075951
5.0	28.64309327987363	21.433350032010466	20.91781378114728	29.004355980382673	0.0013869265859503758
6.0	29.864860950153542	19.71943818690552	21.453146781314327	28.957118571145546	0.00543551048106087
7.0	28.160482705709487	21.749575831685437	19.2530147658552	30.836920181402444	6.5153474279115145E-6
8.0	29.141645328073306	20.932451978326373	20.88259868360498	29.043189579736445	1.1443025890152461E-4
9.0	29.45646460653841	20.669527934723895	20.720015451566322	29.153985291434964	6.715736406642045E-6
10.0	28.88078708929058	20.813065253765515	21.121288196687388	29.18366886254504	0.0011905977114738822
11.0	28.932703268307485	20.96207233299052	21.035699113707143	29.06951721157942	8.07341543254074E-6
12.0	29.14531707738038	20.947493453364245	20.92564565716304	28.981536673192743	7.138899593528098E-6
13.0	29.212635732832826	20.849704053479513	20.87714420453142	29.060506122801975	9.886354265489734E-6
14.0	29.08261656819598	20.899208174057986	20.80503055893328	29.21309167191034	5.302690241845946E-5
15.0	29.121535397953014	20.831061841972147	21.027678994189664	29.019697408162376	2.6357722801206273E-5
16.0	29.056853390400565	20.906952631282092	20.94971446268167	29.086471046450523	8.469185147948916E-6
17.0	28.87848729630961	21.123709092055247	20.953957395085776	29.043836158151354	1.005839800727042E-5
18.0	29.08957497061514	20.984306315834313	20.960995137743264	28.96227842717234	0.002845148634941314
19.0	29.023721113103413	20.933403580992923	20.899776846921622	29.143087969582677	1.0489399368532228E-5
20.0	28.83474993971057	21.13778278620829	21.07484586091523	28.952056794042324	5.646191235863984E-4
21.0	29.096552915070923	20.915387168823642	21.295935252346894	28.692116700669057	7.963089487607044E-6
22.0	29.087658386074587	20.95689266298555	20.993588955022712	28.96185249560662	7.500310529902098E-6
23.0	28.871120076386177	21.191857469200844	21.003606219380302	28.93335424948294	6.198554973792033E-5
24.0	29.11584502715348	21.056263509931984	21.125659896492895	28.70212949189665	1.0207452499177473E-4
25.0	28.98050108776595	21.020848640049742	21.002307785286696	28.996323224495946	1.9262401667875612E-5
26.0	28.88471725615825	21.123274018907654	21.06242648593548	28.9295663898081	1.5849190514481368E-5
27.0	29.116760355366978	20.960223866375127	21.09270264864316	28.829964748893076	3.483807216551009E-4
28.0	28.987921791267336	21.01027730196305	21.020209808543168	28.981581152836068	9.94539038128902E-6
29.0	28.902032079787492	21.160132625385323	21.09468249513867	28.842942308441604	2.1049124691121032E-4
30.0	29.149524998718178	21.018075560550656	21.14122517401667	28.691164558926385	9.707788105291509E-6
31.0	29.100230571283912	20.952052707772424	21.022312916520296	28.924612999614606	7.908048087567549E-4
32.0	28.989958777743613	21.081478325779585	21.130409570177473	28.798143399450172	9.926849161335225E-6
33.0	29.16222114694534	21.02317878696906	21.152278170478276	28.66143034646229	8.915491450362834E-4
34.0	29.089883611199202	20.95628433350127	21.125375527293926	28.828444127389503	1.2400616107701381E-5
35.0	28.948032290245905	21.08145665106692	21.138403269907748	28.832097644858635	1.0143920798646843E-5
36.0	29.11731275199243	20.99857008110909	21.195123104661278	28.682600532835135	0.006393529402064162
37.0	29.06832694202682	20.97834372918192	21.055703303168542	28.89761611067537	9.91494735076201E-6
38.0	28.921811386730877	21.13933425836358	21.13560168492425	28.803241404895765	1.1265085529452183E-5
39.0	29.038656309261597	21.014464933493297	21.197126950535477	28.6965477793577	0.05320402735193174
40.0	29.056707743676895	20.986891091272966	21.075534780526922	28.877654734994877	0.0032116495283341638
41.0	28.92188599323863	21.170076193276508	21.12611464016808	28.780305919664777	0.0016172536520063677
42.0	29.112594843333063	20.98551719067255	21.23235492053748	28.669470442411	6.260304590841242E-5
43.0	29.069448745781116	21.010338938484466	21.039786403850933	28.880372546261658	5.336562183128954E-5
44.0	28.88058489930263	21.18695648988477	21.1163676450333	28.816081509322856	9.456456438187226E-6
45.0	29.159508678120226	21.002452530714542	21.14758218729587	28.689944629473807	5.119743955525933E-4
46.0	29.043869223053537	21.01777815009972	21.059842674868097	28.878502972818353	6.97916029489969E-6
47.0	28.901610570244696	21.12016037862545	21.140674666137922	28.837526694317088	2.7690674846465E-5
48.0	29.125304796222984	20.981426841409974	21.162482225051036	28.730768803040352	1.7334275657575746E-5
49.0	29.005986131043155	21.010434560817355	21.09921032260607	28.88420892861385	1.6005691957230513E-4
50.0	28.91234817993355	21.16163936844836	21.180194363010887	28.745812910992708	5.17761449727737E-6
51.0	29.117940119726292	20.985112095238147	21.245091540736276	28.598195988613597	0.053660255685688565
52.0	29.10929362124811	20.98879347153403	21.06874693714208	28.83297867270503	1.8729737075237645E-4
53.0	28.93221275973722	21.141310097703393	21.153587057192798	28.76278689173086	0.010103193635739463
54.0	29.09887892118847	21.03932874074878	21.153902920185235	28.69328235476411	0.014607063113399734
55.0	29.03656834444735	21.053870403494145	21.069267629120358	28.83554169298695	0.004751929951198803
56.0	28.92306533813108	21.144556535584442	21.074012611617068	28.85508424484652	0.003281269820890962
57.0	29.117311466223093	21.049528535275737	21.169265046997282	28.66329152824501	6.034232588747609E-4
58.0	29.034694159639635	21.029933496984857	21.096421515746062	28.837960300754673	9.905268747774664E-4
59.0	28.89049317337638	21.180625607703103	21.122116635404467	28.806752198329516	1.2385186534161355E-5
60.0	29.03940622320117	21.08479549846051	21.19068165352691	28.684556097017	5.605277944125117E-4
61.0	28.979920571275297	21.043403372129095	21.116707902092926	28.85985419295013	1.1396155254777886E-4
62.0	28.877212277744906	21.165823014095487	21.145974224692687	28.81059406176828	3.96421698636301E-4
63.0	29.029898342550176	21.114148222187374	21.219781318451513	28.63616896318073	3.153630203646391E-6
64.0	29.027364481918195	21.014543439835712	21.126990481541352	28.831066227852908	3.536885183220441E-5
65.0	28.896123555108456	21.19249027659702	21.07627286315995	28.835093028014334	2.0277120237706245E-5
66.0	29.092460577697494	21.034141418163127	21.179998915509895	28.693369796355718	2.9292273767348164E-5
67.0	29.04142716043627	21.030962733762152	21.073374884598973	28.854080405190146	1.5481601245926816E-4
68.0	28.910864246004785	21.146267205501985	21.137159484023677	28.805694189568715	1.4874900833149282E-5
69.0	29.06165587219487	21.05968554687277	21.163125101750484	28.71490482556097	6.28653620902626E-4
70.0	29.089792886613207	21.020078949701553	21.11452227138178	28.77524204095233	3.6385135113200964E-4
71.0	28.923285421495308	21.19466815638224	21.08397888995017	28.797773974535424	2.935576368606625E-4
72.0	29.087572198170612	21.08031493842077	21.16260485421363	28.669488390640087	1.961855490360492E-5
73.0	29.021963468835814	21.03893738200607	21.08969463166208	28.849400683338832	3.834157201996988E-6
74.0	28.868986843526624	21.19289920020787	21.11251358767053	28.825576004943386	2.436365159296942E-5
75.0	29.055712149352342	21.045126125098555	21.19495688231918	28.7042043919712	4.512587239367176E-7
76.0	29.02082302578065	20.99250232949722	21.10290551732668	28.88376867607479	4.5132065868616355E-7
77.0	28.95729051931849	21.124368895313317	21.107751980768892	28.810586122138655	2.482460648214347E-6
78.0	29.071635996905208	21.03896667110807	21.147105397907342	28.73709771622951	0.005194217849866329
79.0	29.055483720364705	20.98904761667626	21.105243509122	28.85013327707014	9.187676689801898E-5
80.0	28.966839499163445	21.124042538556832	21.1172640424715	28.791782122794096	7.17970141269995E-5
81.0	29.063486922184378	21.084520737175072	21.180192502314892	28.671790805785207	9.032540445040223E-6
82.0	29.039906766240716	20.994782025691837	21.130660971734176	28.834628554567903	2.1681765373784354E-5
83.0	28.874707389333476	21.19815501958394	21.16478731241835	28.762349149201853	1.129462382479411E-6
84.0	29.096719211755907	21.0522455521859	21.22663573100546	28.624399053183936	4.5186880250499435E-7
85.0	29.069152343327005	21.02632453558905	21.06543090415452	28.838364568295006	7.27648634419435E-4
86.0	28.93158670280028	21.15051247242658	21.134785469918647	28.783095464708897	1.989014559575275E-5
87.0	29.0549246218832	21.052289947982025	21.2434519510059	28.649333479128874	0.0
88.0	29.088917802819868	21.02185756965882	21.108386279838864	28.777284380515777	0.003553967166670826
89.0	28.943774416499185	21.166080604944742	21.13822172180645	28.748573378381124	0.003349878368497097
90.0	29.138364660357148	21.039753591663924	21.194422330585784	28.62724314272431	2.1627466882941334E-4
91.0	29.03223869882684	20.984594818921547	21.149757921317878	28.832723593656674	6.849672770630248E-4
92.0	28.912858650857913	21.1259398205566	21.237256506222966	28.723871007555285	7.401480723484012E-5
93.0	29.126669433986468	21.03165178739839	21.210575988632517	28.630784009810895	3.1878017173385186E-4
94.0	29.058432252211315	21.000406833165695	21.10416886875819	28.836926822473856	6.52233909405874E-5
95.0	28.9228644452428	21.170314817923273	21.157038203215862	28.748593670956872	0.0011888626611921806
96.0	29.12366810593182	20.975617008567326	21.23161759019926	28.669095029250226	2.2660513669475603E-6
97.0	29.04232514792674	20.99626649623942	21.143888072397115	28.81670741975149	8.128636852375652E-4
98.0	28.968558268471355	21.117342372328668	21.19081749650243	28.723281862697547	0.0
99.0	29.108365290842254	21.02242121532377	21.233423929170424	28.63525901498714	5.305496764118775E-4
100.0	29.065387006882887	20.976528218206116	21.134977135776133	28.823092209438094	1.542969676951797E-5
101.0	28.929301903813837	21.11801156515347	21.195571987012432	28.75708321931595	3.1324704312496556E-5
102.0	29.113389161274018	21.043340351034505	21.2118810337246	28.63138945396687	0.0
103.0	29.077539441550222	20.984316236234353	21.114390735146984	28.82163844560005	0.002115141468389589
104.0	29.01772866494734	21.085830788065778	21.192257556032814	28.70408958789105	9.340306301505142E-5
105.0	29.173126832764122	20.974936851427138	21.221293034239118	28.63064328156962	0.0
106.0	29.11268912758243	20.941710583257457	21.15595062790157	28.7895957548933	5.390636524404706E-5
107.0	28.93273157833197	21.123612325334427	21.199618778978937	28.74403299378958	4.32356507923569E-6
108.0	29.092102626716525	21.019554941475377	21.276734673129443	28.61061036179346	9.973968851953224E-4
109.0	29.05108449166346	20.955738055743957	21.159294735601424	28.83388271699116	0.0
110.0	28.945792552164782	21.093204186200122	21.220664944815596	28.73921436081414	0.0011239560053629108
111.0	29.083162118019235	21.011424490474084	21.23204255408831	28.67306735182753	3.0348559083818636E-4
112.0	29.102425363580092	20.97593600373391	21.152197377842626	28.769401558391007	3.969645236204534E-5
113.0	29.00036971704339	21.092337351477017	21.218827499452473	28.688454246672983	1.1185354140170836E-5
114.0	29.123592060592067	21.006271674415146	21.254507880119082	28.61543949050708	1.8889436662249058E-4
115.0	29.109888666532623	20.91753427552358	21.197660291994723	28.774868084750295	4.868119878462199E-5
116.0	28.98708287336521	21.094299277805504	21.23042066027448	28.688197188554803	0.0
117.0	29.131014279095623	20.99667359941891	21.319060481642722	28.54912949788377	0.004122141958975648
118.0	29.102496438660598	20.925177033536105	21.242896887737754	28.72942964006554	0.0
119.0	28.94712515003078	21.05213138246115	21.296192926573124	28.69915169257254	0.00539884836241289
120.0	29.110184701737936	20.95131733142267	21.317735772720866	28.620399127677253	3.6306644127342974E-4
121.0	29.074060159094856	20.94583165565509	21.247980382058362	28.732124819224374	2.983967318047451E-6
122.0	28.995005095579163	21.078655120326076	21.255276303927676	28.6684076278816	0.002655852285488504
123.0	29.118550230455913	20.97535843673027	21.329093951101598	28.57699623210203	1.1496101869588975E-6
124.0	29.143459501182754	20.936448097520604	21.242234167263604	28.67494093833959	0.002917295693448608
125.0	29.040975131291884	21.040107478759857	21.255649904294742	28.661181135749324	0.002086349904193168
126.0	29.161975680051423	20.9391617731128	21.33582285243391	28.562729825989337	3.098684125341625E-4
127.0	29.101424979009604	20.9488703404755	21.24502838669581	28.702848929867354	0.0018273639517325652
128.0	29.01487324793255	21.033383361737727	21.33378596651069	28.609338868460704	0.008618555358333016
129.0	29.147303503761634	20.92340301375021	21.389029421464926	28.54026406102323	0.0
130.0	29.117857535440162	20.928547234595733	21.27984367566517	28.670005565294087	0.0037459890048462327
131.0	28.99173756744084	21.05240932052211	21.384575805866117	28.56712973069282	0.004147575478114238
132.0	29.165481767872286	20.92842376550635	21.4024031651805	28.503691301440863	0.0
133.0	29.123721814487237	20.90862070983296	21.30056565465509	28.662743123296664	0.004348697728051421
134.0	29.025248465126417	20.987927724193693	21.37158873005426	28.61510407151126	1.310091143645879E-4
135.0	29.133401669908142	20.912927968436637	21.445788421004703	28.50475262239375	0.003129318256767292
136.0	29.165412513474088	20.882709558359284	21.36134583018939	28.59047421981823	5.7878159011798205E-5
137.0	29.038463178339946	20.984502977135957	21.42255792457633	28.554472881137993	3.0388097709571465E-6
138.0	29.184692838407262	20.886532811495474	21.461737263472987	28.46593686595218	0.0011002206720960796
139.0	29.121161589438767	20.890856486693384	21.384361256210504	28.603589474414974	3.1193242371024154E-5
140.0	29.000766277094474	20.986224218599965	21.46128256308811	28.551585043272482	1.418979449681805E-4
141.0	29.1357740328676	20.911298088883136	21.512649468730334	28.440168441955617	1.0996756331290034E-4
142.0	29.14520791001794	20.84351540232579	21.46566383086762	28.545612856788654	0.0
143.0	29.003384363011982	20.999723897146264	21.50417023070678	28.492720799243425	7.098915515004278E-7
144.0	29.125612076669928	20.905880943394898	21.517453674711078	28.448888112653965	0.002165192570135054
145.0	29.133547264214787	20.86793446946102	21.44625066544582	28.55211948694656	1.481139318134858E-4
146.0	28.983866230620343	21.012254836736506	21.539813811997828	28.464065120645323	0.0
147.0	29.143476120194624	20.904301057954363	21.565824862050658	28.38639795980036	0.0
148.0	29.110037934855242	20.868716130496185	21.545032925739708	28.475774841440742	4.3816746812265923E-4
149.0	29.0329006588179	20.99905598939469	21.565843201304677	28.40217834616645	2.1804316281666723E-5
150.0	29.200282641455967	20.812171481386773	21.578186592308224	28.40916383560665	1.954492423901777E-4
