# Position (bp)	A	C	G	T	N
0.0	35.52225571321143	18.708670739347248	25.11527811281872	20.633890774486236	0.019904660136355768
1.0	31.052497019993723	18.78456877409622	21.459898595363768	28.701685571325868	0.0013500392204198641
2.0	30.444395335471157	19.455699929506142	20.131537897663424	29.967726512900665	6.403244586060926E-4
3.0	27.24100674439447	21.8756067866792	22.017542339366162	28.86499162841229	8.525011478782549E-4
4.0	29.319765458663948	21.251629886867352	21.178992562512345	28.244515508261724	0.005096583694627081
5.0	28.745969059093635	21.378644846463114	20.87398908664318	28.999990830312793	0.0014061774872746772
6.0	29.87224511237814	19.724813506382777	21.404869685380337	28.992608224892045	0.005463470966704376
7.0	28.339877606388995	21.603837171777624	19.427505769581423	30.628775658424658	3.793827300713216E-6
8.0	29.323590154503087	20.881564837253244	20.859586272937133	28.935141870833057	1.1686447346951595E-4
9.0	29.552110407488275	20.634026114702174	20.69772588729211	29.11613239770382	5.192813618969459E-6
10.0	28.976475121490047	20.76368680218481	21.061135277097463	29.19748873247135	0.0012140667563284601
11.0	29.018487762217106	20.899026526426752	20.978662186972564	29.103815765304525	7.759079052993679E-6
12.0	29.200988610474198	20.890056035186138	20.855324452736095	29.05362409434298	6.807260587524287E-6
13.0	29.261594089648774	20.80591406524016	20.81810623069736	29.11437741209192	8.202321787638945E-6
14.0	29.13859419167888	20.84822678013017	20.748175855600596	29.2649491232608	5.404932955959822E-5
15.0	29.172322310114517	20.777217261575757	20.95715063742936	29.09328783114786	2.1959732503919535E-5
16.0	29.122448147326065	20.869934340220208	20.86149257517088	29.146119571358785	5.365924058549791E-6
17.0	28.918183287414866	21.070048349671136	20.90516452065109	29.106595221519722	8.62074318331916E-6
18.0	29.12302811889369	20.92655923035354	20.91925567720716	29.028322998531443	0.0028339750141693513
19.0	29.06528802233695	20.883541188976736	20.854110763484275	29.197053053040023	6.97216201631207E-6
20.0	28.895444915618164	21.08077915467467	21.004644740576882	29.01854785747599	5.833316542914316E-4
21.0	29.125149525242165	20.86814055096372	21.22116096178301	28.78554061460435	8.347406751953914E-6
22.0	29.11422773589291	20.93120873282985	20.931540189764863	29.02301477134704	8.570165335675981E-6
23.0	28.93332748419784	21.14396604618034	20.9466375515836	28.976004824051284	6.409398694116716E-5
24.0	29.16121251880274	21.007734413100874	21.057525232414964	28.7734201178816	1.0771779982621421E-4
25.0	29.033662422191497	20.964155304222402	20.949611663145244	29.05255467637975	1.5934061104870475E-5
26.0	28.95397209973322	21.05468265128487	20.988230120028607	29.00309874786665	1.6381086646535004E-5
27.0	29.150594222653243	20.916219469196925	21.029653451884762	28.90318616073508	3.4669552999160106E-4
28.0	29.034747674002308	20.991049958134887	20.961371804384925	29.012824114559272	6.448918607440507E-6
29.0	28.949968616669214	21.111218793013258	21.06235990381699	28.876257538143225	1.9514835731580457E-4
30.0	29.193520642293503	20.95916477589454	21.086317113493298	28.76098757734805	9.890970611826206E-6
31.0	29.134965733887142	20.904588002322523	20.963241755622978	28.99642183271876	7.826754485948366E-4
32.0	29.03176312546771	21.041784493134195	21.064126086412465	28.86231641207071	9.882914923466995E-6
33.0	29.17423202573141	20.981913291056088	21.103974128626437	28.739003156233228	8.773983528322041E-4
34.0	29.132256981024955	20.925465699473282	21.07784816523731	28.864416752712195	1.2401552258201752E-5
35.0	28.999003310346083	21.03915484236594	21.091523604799907	28.870309747439116	8.495048950010343E-6
36.0	29.17242291606786	20.932025552031835	21.124749441613393	28.76438534411962	0.006416746167293927
37.0	29.105524166997277	20.937803821352535	20.998229228898396	28.958433144391094	9.638360697607014E-6
38.0	28.973365030585246	21.071720707479283	21.08543689259355	28.86946704486289	1.032447903487541E-5
39.0	29.070878746685334	20.976510759408804	21.1432484920414	28.756067401782108	0.053294600082346745
40.0	29.105270511664106	20.95298092458769	21.03008800223564	28.908431894279406	0.0032286672331596263
41.0	28.971445271422063	21.120304682831485	21.082262667639533	28.824342110995797	0.001645267111121914
42.0	29.166049687563618	20.937660463525805	21.165501288527494	28.730722530197124	6.60301859608815E-5
43.0	29.115345638568833	20.963704212904897	20.994256029666637	28.926639559587837	5.455927179565711E-5
44.0	28.93412902930523	21.119205289087656	21.061034836231283	28.885621906125436	8.939250394619771E-6
45.0	29.191526752201817	20.95970122423824	21.08284486451519	28.765425691922236	5.014671225125045E-4
46.0	29.09101123440751	20.973950545143534	21.01735159429331	28.917677688495363	8.937660280179012E-6
47.0	28.962037931533686	21.066218945395043	21.08918041490984	28.88253612628636	2.658187506828076E-5
48.0	29.174782430654766	20.924448784436148	21.097861526144268	28.802887323684672	1.9935080151223852E-5
49.0	29.076188252322066	20.949457972465936	21.05292637880347	28.921278694083995	1.4870232453398366E-4
50.0	28.991643158678166	21.095442402762803	21.123841467276065	28.789066556055932	6.415227036259505E-6
51.0	29.167467352648863	20.924805465982907	21.18444915744267	28.669602517686414	0.0536755062391464
52.0	29.154747976043932	20.948789363936676	21.015676502581847	28.88059783524881	1.8832218873014682E-4
53.0	28.98369553017861	21.093134707656155	21.104265490596184	28.808650480233318	0.010253791335738078
54.0	29.145493201238047	20.979402150758386	21.090618665290165	28.769612058272493	0.01487392444090829
55.0	29.10460971892741	20.997824490572025	21.01204175599652	28.880727823735526	0.004796210768516565
56.0	29.009935484102733	21.072348856406734	21.01091917462188	28.903514797769535	0.003281687099117086
57.0	29.174623314563508	20.993760015263458	21.097102140276213	28.733914263042003	6.002668548162648E-4
58.0	29.08689769266787	20.99392054939152	21.04307820099056	28.87514355844059	9.599985094591162E-4
59.0	28.96066402740306	21.132486062004276	21.078781677748342	28.828055401843216	1.2831001106417226E-5
60.0	29.108415227760037	21.018168765465546	21.137891758786793	28.734981655469387	5.42592518233927E-4
61.0	29.04789087572017	20.99204131984073	21.047269582966255	28.912689147165544	1.0907430729806153E-4
62.0	28.946471505013378	21.110218329877437	21.074937698540488	28.867989539401428	3.8292716726882675E-4
63.0	29.06350062501873	21.06355790033565	21.165763356632784	28.707174680393788	3.4376190533418654E-6
64.0	29.076096047488015	20.968665645819517	21.084880413342827	28.870323973339563	3.392001008432732E-5
65.0	28.958884888950898	21.13136051401434	21.03636148061298	28.87337592592622	1.7190495562036343E-5
66.0	29.152406601962973	20.975505101073395	21.124031892665656	28.74802912656611	2.727773187172369E-5
67.0	29.108357785042884	20.984324182885565	21.011610440509347	28.8955650016268	1.4258993540953313E-4
68.0	28.977520170087658	21.093543910929554	21.081364235113895	28.847559303586657	1.2380282240859973E-5
69.0	29.10324907153459	21.012840459442593	21.109620408227165	28.773666172542278	6.238882533732682E-4
70.0	29.120034673484323	20.981814903104205	21.057560304593196	28.84024019198188	3.4992683639815123E-4
71.0	28.977236321536502	21.139952491141514	21.03578822509386	28.84674821808298	2.7474414514550634E-4
72.0	29.133371367421084	21.01969317850631	21.101834587572352	28.745079994442712	2.0872057546492066E-5
73.0	29.089573994639466	20.992813233983227	21.029023369623452	28.888587107809837	2.2939440130389615E-6
74.0	28.949144634046093	21.12016148439627	21.055433771671495	28.87523257750398	2.7532382165396527E-5
75.0	29.10694034474195	20.990341726250065	21.131472805789766	28.771244664277745	4.589404729515584E-7
76.0	29.081451447352364	20.942329181158172	21.048234856941423	28.927983826056042	6.884920023701843E-7
77.0	29.016281502378177	21.070654628163282	21.044051691156806	28.86900942413691	2.7541648182012985E-6
78.0	29.124336975838798	20.979256607712234	21.083576456634347	28.807625593582497	0.005204366232121712
79.0	29.108791253448995	20.942859143007233	21.04255338208179	28.905714035193746	8.218626823473964E-5
80.0	29.031459210836214	21.062699502597688	21.055616036547427	28.85014603716375	7.921285492659955E-5
81.0	29.09697562696828	21.039209974683235	21.120423094127858	28.743379822413324	1.1481807307106218E-5
82.0	29.094345746632687	20.953588957990103	21.078161772175267	28.873882623110326	2.090009161359938E-5
83.0	28.950160570262813	21.13092750548923	21.110077598627328	28.80883271766457	1.6079560636939697E-6
84.0	29.164021411757645	20.976597035461218	21.15605079459195	28.70333052844338	2.2974580510580644E-7
85.0	29.140033266903682	20.97023304257202	21.0034862050859	28.88553675923599	7.107262024090824E-4
86.0	29.010065697417943	21.078231127776295	21.067451775752648	28.84422956547582	2.1833577294065114E-5
87.0	29.105174117286957	20.989987831141132	21.178415063336026	28.726422988235882	0.0
88.0	29.151188640321617	20.991319316521697	21.04815525831107	28.80580826294806	0.0035285218975558007
89.0	29.027958991335197	21.096784651848104	21.10668458509358	28.76524051892419	0.003331252798930169
90.0	29.199085614982177	20.977755780979294	21.12658701054522	28.696340890550665	2.307029426427149E-4
91.0	29.09411511003355	20.932254634546137	21.08883802762763	28.88410364221944	6.885855732451085E-4
92.0	28.98186534246238	21.056657796403925	21.19076672311873	28.770627755022186	8.238299277581004E-5
93.0	29.167847463328595	20.969717961250122	21.16286794121359	28.699247149007178	3.194852005144476E-4
94.0	29.12271834610205	20.95090446839163	21.0460472984568	28.880276011896193	5.3875153325175264E-5
95.0	28.9965707034827	21.111549729055408	21.089077708244737	28.80162941196524	0.0011724472519124933
96.0	29.174316273475696	20.916605474995343	21.156371919666853	28.752704258602847	2.073259265777484E-6
97.0	29.103551403740163	20.94422828192529	21.079669480771607	28.871764607884725	7.86225678214066E-4
98.0	29.050339424371536	21.051750645283484	21.12773972958041	28.77017020076457	0.0
99.0	29.15972683616164	20.962166783715066	21.176627459170703	28.700964974008496	5.139469440971793E-4
100.0	29.121349931961444	20.935791368364214	21.08462639471528	28.858218465998142	1.383896092911204E-5
101.0	28.996233702451768	21.053460103942303	21.152295812001093	28.797977618029762	3.2763575070496605E-5
102.0	29.182445575948137	20.97014169893308	21.143947322343617	28.70346540277517	0.0
103.0	29.145803150364774	20.928693049790102	21.054323129925816	28.86903446744829	0.0021462024710186124
104.0	29.08325613145955	21.034253563037694	21.115438358233465	28.76696047612854	9.147114075114853E-5
105.0	29.215093950292065	20.92516399008848	21.154267572682706	28.70547448693675	0.0
106.0	29.17120487701885	20.896001300518634	21.09537647547753	28.837360939393538	5.640759145387077E-5
107.0	29.003235630555245	21.056051845208636	21.14336513950082	28.797343452975028	3.931760276135388E-6
108.0	29.149360454931784	20.95201960849093	21.20810849659948	28.689514859113245	9.96580864563587E-4
109.0	29.113786157548866	20.902950842994883	21.096424448500333	28.88683855095592	0.0
110.0	29.009842043734498	21.02970201330063	21.1584970048637	28.800848586533224	0.0011103515679487808
111.0	29.127977132484258	20.95853373656933	21.176405486692488	28.73677010503828	3.13539215649742E-4
112.0	29.17095009244112	20.91257491321104	21.107024118348527	28.80941076344413	4.011255518061627E-5
113.0	29.078414538648385	21.02124976672326	21.155621994791172	28.744703955927385	9.7439097971192E-6
114.0	29.18249322522113	20.926714230484254	21.191145425952254	28.69944748052807	1.9963781429166812E-4
115.0	29.18036580602369	20.857338831151115	21.131475272060023	28.830774331441827	4.5759323347733795E-5
116.0	29.068052982053374	21.024998693837446	21.169628159472875	28.73732016463631	0.0
117.0	29.197511131860455	20.93315238701984	21.258105639654573	28.60710325033381	0.00412759113132642
118.0	29.169716552598736	20.876239880201148	21.195268201684094	28.758775365516026	0.0
119.0	29.022261537898064	20.98810961323556	21.242675311912283	28.741478780384867	0.005474756569225721
120.0	29.16814605229346	20.881612681253575	21.261215220163933	28.688662401464082	3.6364482494788495E-4
121.0	29.136391923690564	20.89731509957482	21.189659598001796	28.776630579204298	2.7995285202037984E-6
122.0	29.067822603023924	21.014128069956083	21.206697634176543	28.70870904541207	0.0026426474313750656
123.0	29.19002076185897	20.910888625095705	21.278506694703456	28.62058345095402	4.673878481416967E-7
124.0	29.217590249456947	20.88183869721817	21.201384391202883	28.696267771207363	0.002918890914639883
125.0	29.118409994681006	20.973946021583416	21.2138555945054	28.6917044869413	0.0020839022888769405
126.0	29.22291744621393	20.86918602375088	21.28274663004921	28.6248335248883	3.1637509768110434E-4
127.0	29.16670490493909	20.88978404919227	21.203685546389067	28.73801586737229	0.0018096321072820104
128.0	29.08658919602688	20.972323656023622	21.282899956336436	28.649488577199406	0.008698614413653164
129.0	29.19597106513752	20.877444361656455	21.339797609411583	28.586786963794435	0.0
130.0	29.172533150400454	20.886282724380138	21.238726567040885	28.698693801600573	0.003763756577951286
131.0	29.069488342253496	20.99942528014762	21.33502268016409	28.591936927210188	0.004126770224603257
132.0	29.237403775717347	20.861825312151915	21.359148195121197	28.541622717009542	0.0
133.0	29.203283314593897	20.850895017695777	21.264037861029742	28.677477521031808	0.004306285648774121
134.0	29.110492495240354	20.930178698663447	21.324501802891277	28.634688376945633	1.3862625928531578E-4
135.0	29.203102002164748	20.856164003977106	21.397934209013584	28.539683794122407	0.0031159907221553914
136.0	29.237271053712888	20.83511043785455	21.318402831142848	28.60915541266523	6.02646244810768E-5
137.0	29.118190282481883	20.919831641163576	21.392650328936433	28.569323945083163	3.8023349521061452E-6
138.0	29.267300222534054	20.819270394164963	21.423501208863673	28.488863669906934	0.001064504530377271
139.0	29.210640011221017	20.83570892803675	21.347530967337853	28.60608718858675	3.290481762892295E-5
140.0	29.092823035915345	20.924509010034242	21.417185080747196	28.565329297910196	1.5357539302415088E-4
141.0	29.213073229169982	20.850838534228306	21.475616919938567	28.46034683778797	1.2447887517364685E-4
142.0	29.22942825488474	20.795252055789827	21.437563226268715	28.537756463056713	0.0
143.0	29.109658298515722	20.931275871574265	21.46961165539123	28.48945393402733	2.4049145082112043E-7
144.0	29.227754736660096	20.83938445303703	21.470572575548196	28.46007443105028	0.0022138037043974634
145.0	29.229952621202404	20.818947375409156	21.40551493202701	28.545425868250163	1.592031112665423E-4
146.0	29.083222138470333	20.946441367385095	21.505767478627877	28.464569015516695	0.0
147.0	29.2287197351832	20.85238346217815	21.529854451443768	28.389041863576082	4.87618802713665E-7
148.0	29.20315937597216	20.816870226298427	21.517304348942805	28.462219692352193	4.463564344171466E-4
149.0	29.13099008117201	20.946091588761025	21.536713145662173	28.3861825749809	2.2609423897871072E-5
150.0	29.30025166756821	20.75657354656105	21.545521543549004	28.397448651756545	2.0459056518717274E-4
